737 0
861 0
1695 0
670 0
61 0
2999 0
750 0
421 0
741 0
531 0
268 0
256 0
1101 0
418 0
1455 0
502 0
449 0
660 0
571 0
710 0
29 0
546 0
430 0
1780 0
348 0
162 0
925 0
1779 0
48 0
148 0
567 0
434 0
569 0
1072 0
228 0
2361 0
1909 0
977 0
698 0
978 0
752 0
975 0
755 0
585 0
116 0
1103 0
707 0
721 0
1595 0
562 0
628 0
2026 0
52 0
626 0
864 0
1102 0
450 0
425 0
575 0
717 0
125 0
565 0
773 0
22 0
445 0
729 0
407 0
417 0
751 0
894 0
856 0
681 0
1360 0
692 0
636 0
49 0
724 0
512 0
424 0
38 0
458 0
1359 0
220 0
1368 0
1301 0
429 0
466 0
41 0
497 0
422 0
976 0
499 0
451 0
673 0
134 0
745 0
815 0
243 0
527 0
504 0
114 0
591 0
566 0
2025 0
740 0
404 0
967 0
507 0
437 0
135 0
447 0
457 0
435 0
600 0
716 0
857 0
592 0
1596 0
923 0
588 0
428 0
275 0
20 0
572 0
981 0
922 0
398 0
14 0
743 0
560 0
608 0
1996 1
477 1
427 1
568 1
1025 1
1579 1
130 1
1647 1
1062 1
1063 1
180 1
781 1
614 1
1065 1
39 1
1469 1
873 1
2091 1
1707 1
1296 1
1738 1
3276 1
2737 1
844 1
1059 1
957 1
1054 1
2816 1
1228 1
1728 1
1882 1
372 1
7 1
42 1
1195 1
1042 1
45 1
1254 1
3023 1
1064 1
132 1
1060 1
1061 1
1049 1
2735 1
2734 1
83 1
1997 1
1576 1
970 1
648 1
1892 1
3285 1
762 1
619 1
3247 1
443 1
1544 1
1276 1
1074 1
997 1
2706 1
2012 1
3284 1
2736 1
1523 1
120 1
1038 1
471 1
2215 1
1011 1
1786 1
1448 1
3057 1
3100 1
1700 1
3275 1
2626 1
2614 1
1029 1
2159 1
1629 1
1995 1
